1007
1014
1024
1052
1055
1062
1066
1089
1094
1097
1116
1132
1137
1144
1149
1164
1167
1182
1191
1194
1196
1204
1212
1215
1230
1234
1240
1261
1289
1291
1299
1320
1325
1330
1333
1334
1340
1341
1357
1373
4024
4041
4065
4068
4071
4076
4083
4085
4087
4093
4103
4106
4113
4138
4142
4152
4176
4177
4179
4180
4184
4186
4190
4201
4208
4231
4239
4240
4284
4286
7003
7033
7043
7053
7080
7092
7099
7100
7107
7118
7135
7137
7138
7141
7148
7171
7178
7182
7221
7226
7227
7239
7252
7281
7290
7291
7301
7302
7308
7320
7372
7384
7387
7396
7406
